200000
AV DO CONTORNO
130000
390000
900000
1100000
1275000
200000
PRAÇA DOS TRES PODERES
150000
450000
1000000
1200000
1400000
200000
PRAÇA CASTRO ALVES
130000
390000
900000
1100000
1275000
50000
AV NIEMEYER
10000
30000
90000
160000
250000
50000
AV BEIRA MAR
30000
90000
270000
400000
500000
50000
JD BOTANICO
20000
60000
180000
320000
450000
200000
HIGIENOPOLIS
200000
600000
1400000
1700000
2000000
200000
JARDINS
175000
500000
1100000
1300000
1500000
50000
AV IPIRANGA
30000
90000
270000
400000
500000
50000
AV SAO JOAO
40000
100000
300000
450000
600000
150000
AV RECIFE
50000
150000
450000
625000
750000
150000
PONTE DO GUAIBA
50000
150000
450000
625000
750000
150000
AV PAULISTA
60000
180000
500000
700000
900000
200000
BARRA DA TIJUCA
110000
330000
800000
975000
1150000
200000
PONTE RIO-NITEROI
110000
330000
800000
975000
1150000
200000
MARINA DA GLORIA
130000
360000
850000
1025000
1200000
150000
AV IBIRAPUERA
90000
250000
700000
875000
1050000
150000
AV JUSCELINO
90000
250000
700000
875000
1050000
150000
RUA OSCAR FREIRE
100000
300000
750000
925000
1100000
100000
PRAÇA DA SE
70000
200000
550000
750000
950000
100000
RUA DA CONSOLACAO
70000
200000
550000
750000
950000
100000
VIADUTO DO CHA
80000
220000
600000
800000
1000000
